<?xml version="1.0" encoding="UTF-8" standalone="no"?>
<svg
   xmlns:dc="http://purl.org/dc/elements/1.1/"
   xmlns:cc="http://creativecommons.org/ns#"
   xmlns:rdf="http://www.w3.org/1999/02/22-rdf-syntax-ns#"
   xmlns:svg="http://www.w3.org/2000/svg"
   xmlns="http://www.w3.org/2000/svg"
   viewBox="0 0 1358.7333 284.66666"
   height="284.66666"
   width="1358.7333"
   xml:space="preserve"
   id="svg2"
   version="1.1"><metadata
     id="metadata8"><rdf:RDF><cc:Work
         rdf:about=""><dc:format>image/svg+xml</dc:format><dc:type
           rdf:resource="http://purl.org/dc/dcmitype/StillImage" /></cc:Work></rdf:RDF></metadata><defs
     id="defs6" /><g
     transform="matrix(1.3333333,0,0,-1.3333333,0,284.66667)"
     id="g10"><g
       transform="scale(0.1)"
       id="g12"><path
         id="path14"
         style="fill:#ffffff;fill-opacity:1;fill-rule:nonzero;stroke:none"
         d="M 70.4609,71.0586 H 3019.92 V 2073.9 H 70.4609 V 71.0586" /><path
         id="path16"
         style="fill:#264ca4;fill-opacity:1;fill-rule:nonzero;stroke:none"
         d="M 127.18,128.281 H 2963.2 V 2018.97 H 127.18 V 128.281" /><path
         id="path18"
         style="fill:#f5f014;fill-opacity:1;fill-rule:nonzero;stroke:none"
         d="m 1484.76,1607.02 59.84,43.67 59.86,-43.67 -22.79,70.63 60.79,43.67 h -74.93 l -22.93,71.48 -22.93,-71.56 -74.88,0.08 60.74,-43.67 -22.77,-70.63" /><path
         id="path20"
         style="fill:#f5f014;fill-opacity:1;fill-rule:nonzero;stroke:none"
         d="m 1175.07,1523.82 59.84,43.67 59.81,-43.67 -22.74,70.63 60.75,43.68 h -74.93 l -22.92,71.55 -22.93,-71.64 -74.89,0.09 60.74,-43.68 -22.73,-70.63" /><path
         id="path22"
         style="fill:#f5f014;fill-opacity:1;fill-rule:nonzero;stroke:none"
         d="m 1008.31,1482.57 -22.927,-71.64 -74.883,0.09 60.742,-43.68 -22.773,-70.63 59.841,43.68 59.84,-43.68 -22.77,70.63 60.74,43.68 h -74.88 l -22.93,71.55" /><path
         id="path24"
         style="fill:#f5f014;fill-opacity:1;fill-rule:nonzero;stroke:none"
         d="m 925.195,1031.08 59.809,-43.658 -22.738,70.608 60.734,43.68 h -74.875 l -22.93,71.56 -22.929,-71.72 -74.922,0.16 60.781,-43.68 -22.773,-70.608 59.843,43.658" /><path
         id="path26"
         style="fill:#f5f014;fill-opacity:1;fill-rule:nonzero;stroke:none"
         d="m 1031.24,791.48 -22.93,71.559 -22.927,-71.641 -74.883,0.082 60.742,-43.66 -22.773,-70.64 59.841,43.75 59.84,-43.75 -22.77,70.64 60.74,43.66 h -74.88" /><path
         id="path28"
         style="fill:#f5f014;fill-opacity:1;fill-rule:nonzero;stroke:none"
         d="m 1258.27,564.461 -22.93,71.469 -22.89,-71.559 -74.92,0.09 60.74,-43.68 -22.73,-70.633 59.84,43.672 59.8,-43.672 -22.73,70.633 60.74,43.68 h -74.92" /><path
         id="path30"
         style="fill:#f5f014;fill-opacity:1;fill-rule:nonzero;stroke:none"
         d="m 1567.57,482.18 -22.93,71.558 -22.89,-71.636 -74.92,0.078 60.74,-43.668 -22.73,-70.633 59.84,43.68 59.81,-43.68 -22.78,70.633 60.78,43.668 h -74.92" /><path
         id="path32"
         style="fill:#f5f014;fill-opacity:1;fill-rule:nonzero;stroke:none"
         d="m 1876.87,564.461 -22.89,71.469 -22.97,-71.559 -74.83,0.09 60.69,-43.68 -22.73,-70.633 59.84,43.672 59.84,-43.672 -22.81,70.633 60.78,43.68 h -74.92" /><path
         id="path34"
         style="fill:#f5f014;fill-opacity:1;fill-rule:nonzero;stroke:none"
         d="m 2103.98,791.48 -22.97,71.559 -22.97,-71.641 -74.83,0.082 60.77,-43.66 -22.8,-70.64 59.83,43.75 59.84,-43.75 -22.81,70.64 60.78,43.66 h -74.84" /><path
         id="path36"
         style="fill:#f5f014;fill-opacity:1;fill-rule:nonzero;stroke:none"
         d="m 2261.1,1102.57 h -74.92 l -22.97,71.57 -22.89,-71.65 -74.93,0.08 60.79,-43.67 -22.75,-70.619 59.78,43.749 59.83,-43.749 -22.72,70.619 60.78,43.67" /><path
         id="path38"
         style="fill:#f5f014;fill-opacity:1;fill-rule:nonzero;stroke:none"
         d="m 2021.17,1297.66 59.83,43.66 59.85,-43.66 -22.81,70.63 60.78,43.59 h -74.85 l -22.97,71.55 -22.96,-71.64 -74.84,0.09 60.77,-43.59 -22.8,-70.63" /><path
         id="path40"
         style="fill:#f5f014;fill-opacity:1;fill-rule:nonzero;stroke:none"
         d="m 1854.85,1709.6 -22.89,-71.64 -74.93,0.17 60.7,-43.75 -22.73,-70.64 59.93,43.75 59.75,-43.75 -22.72,70.64 60.77,43.75 h -75 l -22.88,71.47" /><path
         id="path42"
         style="fill:#264ca4;fill-opacity:1;fill-rule:nonzero;stroke:none"
         d="m 3689.46,1461.7 91.08,-28.89 c -13.96,-50.78 -37.19,-88.49 -69.67,-113.14 -32.48,-24.66 -73.68,-36.97 -123.62,-36.97 -61.78,0 -112.56,21.1 -152.34,63.3 -39.78,42.22 -59.67,99.93 -59.67,173.14 0,77.44 20,137.59 59.99,180.43 39.99,42.85 92.57,64.28 157.74,64.28 56.92,0 103.15,-16.83 138.69,-50.47 21.16,-19.9 37.02,-48.46 47.61,-85.7 l -93,-22.21 c -5.5,24.12 -16.97,43.16 -34.43,57.13 -17.45,13.96 -38.67,20.94 -63.63,20.94 -34.5,0 -62.47,-12.37 -83.95,-37.13 -21.48,-24.75 -32.22,-64.86 -32.22,-120.29 0,-58.83 10.58,-100.72 31.74,-125.68 21.15,-24.97 48.66,-37.45 82.52,-37.45 24.96,0 46.45,7.93 64.43,23.81 17.98,15.86 30.89,40.83 38.73,74.9" /><path
         id="path44"
         style="fill:#264ca4;fill-opacity:1;fill-rule:nonzero;stroke:none"
         d="m 3931.3,1459.16 c 0,-33.44 7.94,-59.04 23.8,-76.82 15.88,-17.77 35.44,-26.66 58.72,-26.66 23.27,0 42.79,8.89 58.56,26.66 15.76,17.78 23.64,43.6 23.64,77.45 0,33 -7.88,58.39 -23.64,76.17 -15.77,17.77 -35.29,26.66 -58.56,26.66 -23.28,0 -42.84,-8.89 -58.72,-26.66 -15.86,-17.78 -23.8,-43.37 -23.8,-76.8 z m -91.4,4.75 c 0,29.63 7.29,58.3 21.9,86.01 14.59,27.72 35.27,48.89 62.04,63.48 26.77,14.61 56.65,21.9 89.66,21.9 51,0 92.78,-16.56 125.37,-49.67 32.58,-33.11 48.88,-74.96 48.88,-125.52 0,-51 -16.46,-93.27 -49.36,-126.8 -32.9,-33.54 -74.31,-50.3 -124.25,-50.3 -30.89,0 -60.36,6.98 -88.39,20.94 -28.04,13.97 -49.36,34.44 -63.95,61.42 -14.61,26.97 -21.9,59.83 -21.9,98.54" /><path
         id="path46"
         style="fill:#264ca4;fill-opacity:1;fill-rule:nonzero;stroke:none"
         d="m 4471.17,1290.63 v 337.05 h 89.17 v -337.05 z m 0,382.76 v 82.52 h 89.17 v -82.52 z m -250.41,-45.71 h 49.51 v 25.39 c 0,28.36 3,49.52 9.04,63.48 6.03,13.97 17.14,25.33 33.32,34.12 16.19,8.78 36.66,13.18 61.42,13.18 25.39,0 50.25,-3.81 74.58,-11.43 l -12.05,-62.21 c -14.18,3.38 -27.84,5.08 -40.95,5.08 -12.91,0 -22.17,-3.02 -27.78,-9.05 -5.6,-6.03 -8.4,-17.61 -8.4,-34.76 v -23.8 h 66.65 v -70.14 h -66.65 v -266.91 h -89.18 v 266.91 h -49.51 v 70.14" /><path
         id="path48"
         style="fill:#264ca4;fill-opacity:1;fill-rule:nonzero;stroke:none"
         d="m 4961.19,1290.63 h -89.18 v 172.01 c 0,36.39 -1.9,59.94 -5.71,70.62 -3.81,10.69 -10,18.99 -18.56,24.92 -8.58,5.92 -18.89,8.89 -30.95,8.89 -15.45,0 -29.31,-4.24 -41.57,-12.69 -12.28,-8.47 -20.7,-19.69 -25.24,-33.66 -4.55,-13.96 -6.82,-39.77 -6.82,-77.44 v -152.65 h -89.19 v 337.05 h 82.84 v -49.51 c 29.4,38.09 66.44,57.13 111.08,57.13 19.68,0 37.66,-3.54 53.96,-10.63 16.29,-7.09 28.61,-16.13 36.97,-27.13 8.36,-11.01 14.18,-23.5 17.46,-37.46 3.27,-13.97 4.91,-33.96 4.91,-59.98 v -209.47" /><path
         id="path50"
         style="fill:#264ca4;fill-opacity:1;fill-rule:nonzero;stroke:none"
         d="m 5237.64,1452.49 c -11.43,-3.81 -29.51,-8.36 -54.27,-13.64 -24.75,-5.3 -40.95,-10.48 -48.56,-15.56 -11.63,-8.25 -17.45,-18.72 -17.45,-31.41 0,-12.5 4.65,-23.29 13.96,-32.39 9.31,-9.09 21.15,-13.64 35.55,-13.64 16.07,0 31.41,5.28 46.02,15.87 10.78,8.03 17.87,17.88 21.26,29.51 2.33,7.62 3.49,22.11 3.49,43.48 z m -119.34,72.36 -80.92,14.6 c 9.09,32.58 24.75,56.7 46.97,72.37 22.22,15.65 55.22,23.48 99.02,23.48 39.78,0 69.4,-4.71 88.87,-14.12 19.46,-9.42 33.16,-21.38 41.1,-35.87 7.93,-14.49 11.9,-41.09 11.9,-79.82 l -0.95,-104.1 c 0,-29.62 1.43,-51.47 4.29,-65.54 2.85,-14.07 8.19,-29.15 16.02,-45.22 h -88.23 c -2.33,5.91 -5.19,14.7 -8.57,26.34 -1.48,5.28 -2.54,8.77 -3.17,10.47 -15.23,-14.81 -31.53,-25.92 -48.88,-33.32 -17.35,-7.41 -35.86,-11.11 -55.54,-11.11 -34.71,0 -62.05,9.41 -82.04,28.24 -20,18.84 -30,42.64 -30,71.41 0,19.05 4.55,36.03 13.65,50.94 9.09,14.92 21.85,26.35 38.24,34.28 16.4,7.94 40.04,14.86 70.94,20.79 41.68,7.82 70.57,15.13 86.64,21.9 v 8.88 c 0,17.15 -4.23,29.37 -12.7,36.66 -8.45,7.31 -24.43,10.96 -47.92,10.96 -15.86,0 -28.25,-3.12 -37.13,-9.37 -8.89,-6.25 -16.08,-17.19 -21.59,-32.85" /><path
         id="path52"
         style="fill:#264ca4;fill-opacity:1;fill-rule:nonzero;stroke:none"
         d="m 5719.75,1290.63 h -89.18 v 172.01 c 0,36.39 -1.9,59.94 -5.71,70.62 -3.81,10.69 -10,18.99 -18.57,24.92 -8.57,5.92 -18.88,8.89 -30.95,8.89 -15.44,0 -29.3,-4.24 -41.57,-12.69 -12.27,-8.47 -20.69,-19.69 -25.23,-33.66 -4.55,-13.96 -6.83,-39.77 -6.83,-77.44 v -152.65 h -89.19 v 337.05 h 82.84 v -49.51 c 29.41,38.09 66.44,57.13 111.09,57.13 19.68,0 37.65,-3.54 53.95,-10.63 16.29,-7.09 28.62,-16.13 36.98,-27.13 8.36,-11.01 14.18,-23.5 17.46,-37.46 3.27,-13.97 4.91,-33.96 4.91,-59.98 v -209.47" /><path
         id="path54"
         style="fill:#264ca4;fill-opacity:1;fill-rule:nonzero;stroke:none"
         d="m 6104.09,1528.03 -87.91,-15.87 c -2.96,17.55 -9.67,30.79 -20.15,39.68 -10.47,8.88 -24.07,13.32 -40.78,13.32 -22.22,0 -39.94,-7.67 -53.17,-23.01 -13.22,-15.35 -19.83,-41 -19.83,-76.97 0,-39.98 6.72,-68.23 20.16,-84.73 13.42,-16.5 31.46,-24.77 54.11,-24.77 16.92,0 30.78,4.82 41.58,14.45 10.78,9.62 18.4,26.18 22.85,49.67 l 87.6,-14.92 c -9.1,-40.2 -26.56,-70.56 -52.38,-91.09 -25.82,-20.52 -60.41,-30.78 -103.77,-30.78 -49.31,0 -88.62,15.54 -117.91,46.66 -29.31,31.09 -43.97,74.15 -43.97,129.17 0,55.64 14.71,98.96 44.12,129.97 29.41,30.99 69.19,46.49 119.34,46.49 41.04,0 73.68,-8.84 97.91,-26.5 24.23,-17.67 41.63,-44.59 52.2,-80.77" /><path
         id="path56"
         style="fill:#264ca4;fill-opacity:1;fill-rule:nonzero;stroke:none"
         d="m 6171.7,1290.63 v 337.05 h 89.18 v -337.05 z m 0,382.76 v 82.52 h 89.18 v -82.52 h -89.18" /><path
         id="path58"
         style="fill:#264ca4;fill-opacity:1;fill-rule:nonzero;stroke:none"
         d="m 6538.27,1452.49 c -11.42,-3.81 -29.51,-8.36 -54.26,-13.64 -24.76,-5.3 -40.95,-10.48 -48.57,-15.56 -11.63,-8.25 -17.45,-18.72 -17.45,-31.41 0,-12.5 4.65,-23.29 13.97,-32.39 9.3,-9.09 21.15,-13.64 35.54,-13.64 16.08,0 31.42,5.28 46.03,15.87 10.78,8.03 17.87,17.88 21.26,29.51 2.32,7.62 3.48,22.11 3.48,43.48 z m -119.33,72.36 -80.93,14.6 c 9.09,32.58 24.76,56.7 46.97,72.37 22.22,15.65 55.23,23.48 99.03,23.48 39.77,0 69.39,-4.71 88.86,-14.12 19.47,-9.42 33.17,-21.38 41.11,-35.87 7.93,-14.49 11.89,-41.09 11.89,-79.82 l -0.95,-104.1 c 0,-29.62 1.43,-51.47 4.29,-65.54 2.85,-14.07 8.2,-29.15 16.03,-45.22 h -88.23 c -2.34,5.91 -5.19,14.7 -8.58,26.34 -1.47,5.28 -2.54,8.77 -3.16,10.47 -15.24,-14.81 -31.54,-25.92 -48.89,-33.32 -17.34,-7.41 -35.86,-11.11 -55.54,-11.11 -34.7,0 -62.05,9.41 -82.04,28.24 -20,18.84 -30,42.64 -30,71.41 0,19.05 4.55,36.03 13.65,50.94 9.1,14.92 21.85,26.35 38.25,34.28 16.39,7.94 40.04,14.86 70.93,20.79 41.68,7.82 70.57,15.13 86.64,21.9 v 8.88 c 0,17.15 -4.22,29.37 -12.69,36.66 -8.46,7.31 -24.43,10.96 -47.92,10.96 -15.87,0 -28.25,-3.12 -37.14,-9.37 -8.89,-6.25 -16.07,-17.19 -21.58,-32.85" /><path
         id="path60"
         style="fill:#264ca4;fill-opacity:1;fill-rule:nonzero;stroke:none"
         d="m 6784.89,1466.45 c 0,-35.97 4.96,-62 14.91,-78.07 14.38,-23.28 34.48,-34.92 60.3,-34.92 20.52,0 37.98,8.74 52.36,26.19 14.4,17.46 21.59,43.53 21.59,78.24 0,38.71 -6.98,66.59 -20.94,83.62 -13.97,17.03 -31.86,25.56 -53.64,25.56 -21.17,0 -38.88,-8.42 -53.17,-25.23 -14.28,-16.83 -21.41,-41.96 -21.41,-75.39 z m 238.02,-175.82 h -82.83 v 49.51 c -13.76,-19.26 -29.99,-33.6 -48.72,-43.01 -18.72,-9.42 -37.61,-14.12 -56.65,-14.12 -38.72,0 -71.88,15.6 -99.5,46.81 -27.61,31.2 -41.42,74.75 -41.42,130.61 0,57.13 13.44,100.55 40.31,130.28 26.87,29.73 60.82,44.59 101.88,44.59 37.66,0 70.24,-15.66 97.75,-46.97 v 167.58 h 89.18 v -465.28" /><path
         id="path62"
         style="fill:#264ca4;fill-opacity:1;fill-rule:nonzero;stroke:none"
         d="m 7181.61,1459.16 c 0,-33.44 7.94,-59.04 23.8,-76.82 15.88,-17.77 35.44,-26.66 58.72,-26.66 23.28,0 42.8,8.89 58.56,26.66 15.76,17.78 23.64,43.6 23.64,77.45 0,33 -7.88,58.39 -23.64,76.17 -15.76,17.77 -35.28,26.66 -58.56,26.66 -23.28,0 -42.84,-8.89 -58.72,-26.66 -15.86,-17.78 -23.8,-43.37 -23.8,-76.8 z m -91.4,4.75 c 0,29.63 7.29,58.3 21.9,86.01 14.59,27.72 35.28,48.89 62.04,63.48 26.77,14.61 56.65,21.9 89.66,21.9 51,0 92.78,-16.56 125.37,-49.67 32.58,-33.11 48.88,-74.96 48.88,-125.52 0,-51 -16.46,-93.27 -49.36,-126.8 -32.9,-33.54 -74.31,-50.3 -124.24,-50.3 -30.9,0 -60.37,6.98 -88.4,20.94 -28.04,13.97 -49.36,34.44 -63.95,61.42 -14.61,26.97 -21.9,59.83 -21.9,98.54" /><path
         id="path64"
         style="fill:#264ca4;fill-opacity:1;fill-rule:nonzero;stroke:none"
         d="m 7774.16,1464.86 c 0,-37.87 7.51,-65.85 22.54,-83.94 15.02,-18.09 33.32,-27.13 54.9,-27.13 20.75,0 37.98,8.3 51.74,24.91 13.75,16.6 20.63,43.85 20.63,81.73 0,35.33 -7.09,61.56 -21.26,78.71 -14.18,17.13 -31.74,25.7 -52.69,25.7 -21.79,0 -39.88,-8.41 -54.27,-25.23 -14.39,-16.82 -21.59,-41.74 -21.59,-74.75 z m -88.22,162.82 h 83.15 v -49.51 c 10.8,16.93 25.39,30.68 43.8,41.26 18.4,10.58 38.82,15.87 61.25,15.87 39.14,0 72.37,-15.34 99.66,-46.02 27.3,-30.68 40.95,-73.42 40.95,-128.23 0,-56.28 -13.76,-100.03 -41.27,-131.23 -27.5,-31.21 -60.83,-46.81 -99.97,-46.81 -18.62,0 -35.5,3.7 -50.63,11.11 -15.12,7.4 -31.05,20.1 -47.76,38.09 V 1162.4 h -89.18 v 465.28" /><path
         id="path66"
         style="fill:#264ca4;fill-opacity:1;fill-rule:nonzero;stroke:none"
         d="m 8156.3,1459.16 c 0,-33.44 7.94,-59.04 23.8,-76.82 15.88,-17.77 35.44,-26.66 58.72,-26.66 23.27,0 42.79,8.89 58.56,26.66 15.76,17.78 23.64,43.6 23.64,77.45 0,33 -7.88,58.39 -23.64,76.17 -15.77,17.77 -35.29,26.66 -58.56,26.66 -23.28,0 -42.84,-8.89 -58.72,-26.66 -15.86,-17.78 -23.8,-43.37 -23.8,-76.8 z m -91.4,4.75 c 0,29.63 7.29,58.3 21.9,86.01 14.59,27.72 35.27,48.89 62.04,63.48 26.77,14.61 56.65,21.9 89.66,21.9 51,0 92.78,-16.56 125.37,-49.67 32.58,-33.11 48.88,-74.96 48.88,-125.52 0,-51 -16.46,-93.27 -49.36,-126.8 -32.9,-33.54 -74.31,-50.3 -124.25,-50.3 -30.89,0 -60.36,6.98 -88.39,20.94 -28.04,13.97 -49.36,34.44 -63.95,61.42 -14.61,26.97 -21.9,59.83 -21.9,98.54" /><path
         id="path68"
         style="fill:#264ca4;fill-opacity:1;fill-rule:nonzero;stroke:none"
         d="m 8567.94,1290.63 h -89.18 v 337.05 h 82.83 v -47.91 c 14.17,22.63 26.93,37.54 38.25,44.74 11.32,7.19 24.17,10.79 38.56,10.79 20.31,0 39.88,-5.6 58.72,-16.82 l -27.61,-77.76 c -15.03,9.73 -29,14.6 -41.9,14.6 -12.49,0 -23.07,-3.44 -31.74,-10.31 -8.68,-6.88 -15.5,-19.32 -20.47,-37.3 -4.98,-17.98 -7.46,-55.65 -7.46,-112.98 v -104.1" /><path
         id="path70"
         style="fill:#264ca4;fill-opacity:1;fill-rule:nonzero;stroke:none"
         d="M 3391.12,510.629 V 975.91 h 89.18 V 510.629 h -89.18" /><path
         id="path72"
         style="fill:#264ca4;fill-opacity:1;fill-rule:nonzero;stroke:none"
         d="m 3757.68,672.488 c -11.43,-3.797 -29.51,-8.359 -54.27,-13.636 -24.75,-5.293 -40.95,-10.481 -48.56,-15.563 -11.63,-8.25 -17.45,-18.719 -17.45,-31.41 0,-12.488 4.64,-23.277 13.96,-32.379 9.31,-9.102 21.15,-13.648 35.55,-13.648 16.07,0 31.41,5.289 46.02,15.867 10.78,8.043 17.87,17.883 21.26,29.511 2.33,7.622 3.49,22.11 3.49,43.489 z m -119.34,72.371 -80.92,14.602 c 9.09,32.578 24.75,56.699 46.97,72.359 22.21,15.649 55.22,23.489 99.02,23.489 39.78,0 69.4,-4.707 88.87,-14.118 19.46,-9.429 33.16,-21.382 41.1,-35.871 7.93,-14.5 11.9,-41.101 11.9,-79.832 l -0.95,-104.097 c 0,-29.621 1.43,-51.461 4.29,-65.539 2.85,-14.071 8.19,-29.153 16.02,-45.223 h -88.23 c -2.33,5.922 -5.19,14.711 -8.57,26.351 -1.48,5.282 -2.54,8.77 -3.17,10.469 -15.23,-14.82 -31.53,-25.918 -48.89,-33.328 -17.34,-7.41 -35.86,-11.109 -55.53,-11.109 -34.71,0 -62.05,9.418 -82.04,28.238 -20,18.84 -30,42.641 -30,71.422 0,19.039 4.55,36.027 13.65,50.937 9.09,14.922 21.84,26.352 38.24,34.27 16.4,7.941 40.04,14.871 70.94,20.801 41.68,7.82 70.56,15.121 86.64,21.89 v 8.891 c 0,17.148 -4.23,29.359 -12.7,36.66 -8.45,7.301 -24.43,10.949 -47.92,10.949 -15.87,0 -28.25,-3.121 -37.14,-9.359 -8.88,-6.25 -16.07,-17.199 -21.58,-32.852" /><path
         id="path74"
         style="fill:#264ca4;fill-opacity:1;fill-rule:nonzero;stroke:none"
         d="m 4113.79,975.91 h 93.95 v -252 c 0,-39.988 1.15,-65.91 3.48,-77.75 4.02,-19.051 13.6,-34.34 28.72,-45.871 15.13,-11.539 35.82,-17.301 62.06,-17.301 26.66,0 46.75,5.453 60.3,16.352 13.53,10.89 21.69,24.281 24.44,40.148 2.75,15.871 4.12,42.211 4.12,79.032 v 257.39 h 93.95 V 731.531 c 0,-55.859 -2.54,-95.332 -7.62,-118.383 -5.08,-23.07 -14.44,-42.539 -28.09,-58.398 -13.65,-15.879 -31.89,-28.52 -54.74,-37.93 -22.85,-9.41 -52.7,-14.121 -89.51,-14.121 -44.44,0 -78.13,5.129 -101.09,15.391 -22.96,10.25 -41.1,23.582 -54.42,39.992 -13.34,16.398 -22.12,33.578 -26.35,51.566 -6.14,26.661 -9.2,66.024 -9.2,118.071 V 975.91" /><path
         id="path76"
         style="fill:#264ca4;fill-opacity:1;fill-rule:nonzero;stroke:none"
         d="m 4889.79,510.629 h -89.18 v 172.019 c 0,36.391 -1.91,59.93 -5.71,70.622 -3.81,10.679 -10,18.992 -18.57,24.921 -8.57,5.918 -18.89,8.879 -30.95,8.879 -15.45,0 -29.3,-4.23 -41.57,-12.691 -12.27,-8.469 -20.69,-19.688 -25.23,-33.649 -4.55,-13.968 -6.83,-39.781 -6.83,-77.441 v -152.66 h -89.19 v 337.062 h 82.84 V 798.18 c 29.41,38.082 66.44,57.129 111.09,57.129 19.68,0 37.65,-3.547 53.95,-10.637 16.29,-7.094 28.62,-16.133 36.98,-27.133 8.35,-11 14.17,-23.488 17.46,-37.461 3.27,-13.957 4.91,-33.949 4.91,-59.976 V 510.629" /><path
         id="path78"
         style="fill:#264ca4;fill-opacity:1;fill-rule:nonzero;stroke:none"
         d="m 4980.26,510.629 v 337.062 h 89.18 V 510.629 Z m 0,382.762 v 82.519 h 89.18 v -82.519 h -89.18" /><path
         id="path80"
         style="fill:#264ca4;fill-opacity:1;fill-rule:nonzero;stroke:none"
         d="m 5269.07,888.949 43.79,94.903 h 99.98 l -87.28,-94.903 z M 5231.61,679.16 c 0,-33.43 7.94,-59.039 23.8,-76.808 15.88,-17.782 35.44,-26.661 58.72,-26.661 23.28,0 42.8,8.879 58.56,26.661 15.76,17.769 23.64,43.589 23.64,77.437 0,33.012 -7.88,58.402 -23.64,76.172 -15.76,17.769 -35.28,26.66 -58.56,26.66 -23.28,0 -42.84,-8.891 -58.72,-26.66 -15.86,-17.77 -23.8,-43.371 -23.8,-76.801 z m -91.4,4.762 c 0,29.617 7.29,58.289 21.9,86.008 14.59,27.718 35.28,48.879 62.04,63.468 26.77,14.614 56.65,21.911 89.66,21.911 51,0 92.78,-16.571 125.37,-49.668 32.58,-33.121 48.88,-74.961 48.88,-125.532 0,-50.988 -16.46,-93.257 -49.36,-126.8 -32.9,-33.528 -74.31,-50.297 -124.24,-50.297 -30.9,0 -60.37,6.976 -88.4,20.949 -28.04,13.961 -49.36,34.43 -63.95,61.41 -14.61,26.981 -21.9,59.828 -21.9,98.551" /><path
         id="path82"
         style="fill:#264ca4;fill-opacity:1;fill-rule:nonzero;stroke:none"
         d="m 5864.48,510.629 h -89.18 v 172.019 c 0,36.391 -1.91,59.93 -5.72,70.622 -3.81,10.679 -10,18.992 -18.56,24.921 -8.58,5.918 -18.89,8.879 -30.95,8.879 -15.45,0 -29.31,-4.23 -41.57,-12.691 -12.28,-8.469 -20.69,-19.688 -25.24,-33.649 -4.55,-13.968 -6.82,-39.781 -6.82,-77.441 v -152.66 h -89.19 v 337.062 h 82.84 V 798.18 c 29.41,38.082 66.44,57.129 111.08,57.129 19.68,0 37.66,-3.547 53.96,-10.637 16.29,-7.094 28.61,-16.133 36.97,-27.133 8.36,-11 14.18,-23.488 17.46,-37.461 3.28,-13.957 4.92,-33.949 4.92,-59.976 V 510.629" /><path
         id="path84"
         style="fill:#264ca4;fill-opacity:1;fill-rule:nonzero;stroke:none"
         d="M 6136.16,510.629 V 975.91 h 345 V 897.199 H 6230.1 V 794.051 h 233.59 V 715.66 H 6230.1 V 589.031 h 259.94 v -78.402 h -353.88" /><path
         id="path86"
         style="fill:#264ca4;fill-opacity:1;fill-rule:nonzero;stroke:none"
         d="m 6790.91,510.629 v 50.473 c -12.27,-17.993 -28.41,-32.172 -48.4,-42.543 -20,-10.36 -41.1,-15.547 -63.32,-15.547 -22.64,0 -42.96,4.968 -60.93,14.918 -17.99,9.941 -31,23.91 -39.04,41.898 -8.05,17.981 -12.07,42.844 -12.07,74.582 v 213.281 h 89.19 V 692.809 c 0,-47.411 1.64,-76.438 4.92,-87.118 3.27,-10.703 9.25,-19.152 17.93,-25.39 8.67,-6.25 19.68,-9.371 33.01,-9.371 15.23,0 28.88,4.179 40.95,12.539 12.05,8.351 20.31,18.722 24.74,31.101 4.46,12.379 6.67,42.692 6.67,90.93 v 142.191 h 89.19 V 510.629 h -82.84" /><path
         id="path88"
         style="fill:#264ca4;fill-opacity:1;fill-rule:nonzero;stroke:none"
         d="m 7051.49,510.629 h -89.18 v 337.062 h 82.83 V 799.77 c 14.17,22.64 26.92,37.55 38.24,44.75 11.32,7.179 24.17,10.789 38.57,10.789 20.31,0 39.88,-5.61 58.72,-16.829 l -27.62,-77.75 c -15.03,9.719 -28.99,14.598 -41.89,14.598 -12.49,0 -23.07,-3.437 -31.74,-10.316 -8.68,-6.883 -15.5,-19.313 -20.47,-37.293 -4.98,-17.989 -7.46,-55.66 -7.46,-112.989 V 510.629" /><path
         id="path90"
         style="fill:#264ca4;fill-opacity:1;fill-rule:nonzero;stroke:none"
         d="m 7289.84,679.16 c 0,-33.43 7.94,-59.039 23.8,-76.808 15.87,-17.782 35.44,-26.661 58.72,-26.661 23.27,0 42.79,8.879 58.55,26.661 15.76,17.769 23.64,43.589 23.64,77.437 0,33.012 -7.88,58.402 -23.64,76.172 -15.76,17.769 -35.28,26.66 -58.55,26.66 -23.28,0 -42.85,-8.891 -58.72,-26.66 -15.86,-17.77 -23.8,-43.371 -23.8,-76.801 z m -91.41,4.762 c 0,29.617 7.3,58.289 21.91,86.008 14.58,27.718 35.27,48.879 62.04,63.468 26.76,14.614 56.65,21.911 89.65,21.911 51,0 92.79,-16.571 125.38,-49.668 32.57,-33.121 48.87,-74.961 48.87,-125.532 0,-50.988 -16.45,-93.257 -49.35,-126.8 -32.9,-33.528 -74.32,-50.297 -124.25,-50.297 -30.9,0 -60.36,6.976 -88.4,20.949 -28.04,13.961 -49.36,34.43 -63.94,61.41 -14.61,26.981 -21.91,59.828 -21.91,98.551" /><path
         id="path92"
         style="fill:#264ca4;fill-opacity:1;fill-rule:nonzero;stroke:none"
         d="m 7701.8,684.871 c 0,-37.871 7.51,-65.851 22.54,-83.949 15.02,-18.082 33.32,-27.133 54.9,-27.133 20.74,0 37.98,8.301 51.74,24.91 13.75,16.61 20.62,43.852 20.62,81.731 0,35.34 -7.09,61.57 -21.26,78.711 -14.17,17.129 -31.73,25.711 -52.68,25.711 -21.8,0 -39.88,-8.411 -54.28,-25.243 -14.38,-16.808 -21.58,-41.738 -21.58,-74.738 z m -88.22,162.82 h 83.14 V 798.18 c 10.8,16.922 25.39,30.672 43.81,41.261 18.4,10.571 38.82,15.868 61.25,15.868 39.14,0 72.36,-15.348 99.66,-46.028 27.29,-30.672 40.95,-73.422 40.95,-128.222 0,-56.278 -13.76,-100.028 -41.27,-131.231 -27.5,-31.207 -60.83,-46.816 -99.97,-46.816 -18.63,0 -35.5,3.699 -50.63,11.109 -15.13,7.41 -31.05,20.098 -47.76,38.09 V 382.41 h -89.18 v 465.281" /><path
         id="path94"
         style="fill:#264ca4;fill-opacity:1;fill-rule:nonzero;stroke:none"
         d="m 8213.43,708.039 c -0.63,25.813 -7.29,45.441 -19.99,58.883 -12.69,13.43 -28.14,20.148 -46.35,20.148 -19.46,0 -35.54,-7.101 -48.24,-21.269 -12.69,-14.18 -18.93,-33.43 -18.72,-57.762 z m -5.08,-90.141 88.87,-14.91 c -11.43,-32.59 -29.46,-57.398 -54.11,-74.429 -24.66,-17.028 -55.5,-25.547 -92.52,-25.547 -58.61,0 -101.99,19.148 -130.13,57.437 -22.21,30.692 -33.33,69.41 -33.33,116.172 0,55.859 14.61,99.598 43.81,131.238 29.2,31.629 66.11,47.45 110.76,47.45 50.15,0 89.71,-16.571 118.7,-49.668 28.99,-33.121 42.85,-83.852 41.58,-152.192 h -223.44 c 0.64,-26.449 7.83,-47.027 21.58,-61.73 13.76,-14.699 30.9,-22.059 51.43,-22.059 13.96,0 25.7,3.809 35.22,11.43 9.52,7.609 16.71,19.879 21.58,36.808" /><path
         id="path96"
         style="fill:#264ca4;fill-opacity:1;fill-rule:nonzero;stroke:none"
         d="m 8560.64,672.488 c -11.43,-3.797 -29.51,-8.359 -54.27,-13.636 -24.76,-5.293 -40.95,-10.481 -48.56,-15.563 -11.64,-8.25 -17.46,-18.719 -17.46,-31.41 0,-12.488 4.65,-23.277 13.97,-32.379 9.31,-9.102 21.15,-13.648 35.55,-13.648 16.07,0 31.41,5.289 46.02,15.867 10.78,8.043 17.87,17.883 21.26,29.511 2.33,7.622 3.49,22.11 3.49,43.489 z m -119.34,72.371 -80.93,14.602 c 9.1,32.578 24.76,56.699 46.98,72.359 22.21,15.649 55.22,23.489 99.02,23.489 39.78,0 69.39,-4.707 88.87,-14.118 19.46,-9.429 33.16,-21.382 41.1,-35.871 7.93,-14.5 11.9,-41.101 11.9,-79.832 l -0.95,-104.097 c 0,-29.621 1.42,-51.461 4.29,-65.539 2.85,-14.071 8.19,-29.153 16.02,-45.223 h -88.23 c -2.34,5.922 -5.19,14.711 -8.58,26.351 -1.47,5.282 -2.53,8.77 -3.16,10.469 -15.23,-14.82 -31.53,-25.918 -48.89,-33.328 -17.34,-7.41 -35.86,-11.109 -55.53,-11.109 -34.71,0 -62.05,9.418 -82.04,28.238 -20,18.84 -30,42.641 -30,71.422 0,19.039 4.55,36.027 13.65,50.937 9.09,14.922 21.84,26.352 38.24,34.27 16.4,7.941 40.04,14.871 70.94,20.801 41.68,7.82 70.56,15.121 86.64,21.89 v 8.891 c 0,17.148 -4.23,29.359 -12.7,36.66 -8.45,7.301 -24.43,10.949 -47.92,10.949 -15.87,0 -28.25,-3.121 -37.14,-9.359 -8.88,-6.25 -16.07,-17.199 -21.58,-32.852" /></g></g></svg>